28 -148
226 -53
869 -53
268 -53
482 -51
794 -47
338 -42
49 -42
161 -41
476 -39
761 -36
181 -36
919 -35
593 -33
498 -32
370 -31
694 -30
925 -29
735 -28
777 -28
771 -26
602 -26
299 -25
90 -24
523 -22
55 -21
375 -21
277 -20
608 -19
540 -18
595 -14
774 -9
330 -6
522 -5
728 -2
812 0
288 1
237 5
850 5
604 9
788 9
552 9
490 9
87 9
856 13
130 15
517 18
389 19
825 20
937 20
327 21
151 21
688 22
746 29
620 31
11 31
566 32
652 35
623 35
718 37
385 38
551 39
923 39
45 40
455 40
848 41
89 43
800 46
600 47
501 47
680 49
499 51
724 53
581 53
363 59
18 62
44 66
382 69
828 71
543 74
2 77
206 78
576 81
717 90
95 93
198 93
207 95
706 98
892 100
569 104
648 105
34 114
458 118
537 118
282 120
667 124
48 128
53 128
864 136
643 137
296 138
612 145
75 145
583 148
46 150
121 150
275 151
122 152
887 152
96 152
747 153
103 154
874 155
251 156
102 156
913 157
460 165
468 169
605 169
307 171
510 172
148 176
47 180
926 191
378 192
243 193
658 194
820 195
860 206
404 210
944 210
767 212
526 212
691 215
214 221
143 223
317 229
935 232
757 236
734 238
592 238
184 243
240 253
106 259
751 259
489 264
335 265
369 271
560 272
415 273
533 275
701 284
662 285
671 288
59 294
302 300
821 302
32 312
131 316
276 319
425 323
763 323
287 336
236 339
409 342
790 345
292 348
101 355
108 355
331 358
547 359
453 359
535 360
621 364
695 365
579 365
452 365
586 368
221 374
443 376
205 380
798 383
622 392
759 392
82 400
254 401
305 421
891 430
554 440
587 444
765 461
528 476
851 484
80 485
72 493
808 497
890 498
930 499
129 511
558 513
19 515
234 524
634 524
917 527
630 531
231 535
720 539
618 543
77 550
668 552
599 561
340 564
444 574
496 575
873 578
508 586
319 591
115 598
113 609
534 612
542 624
548 632
398 637
666 639
17 640
684 640
745 641
73 643
881 645
503 646
651 654
8 659
164 663
450 678
6 697
187 702
902 718
244 749
312 750
316 753
280 762
160 763
10 776
278 776
216 780
241 783
368 786
467 788
294 788
440 796
175 798
811 812
929 827
79 845
150 867
233 874
26 874
819 875
191 878
636 883
196 889
704 898
472 902
889 916
473 957
834 960
66 971
188 972
876 989
127 991
861 1021
733 1024
13 1026
679 1049
711 1050
212 1119
464 1125
878 1133
448 1175
298 1206
124 1221
797 1241
239 1248
321 1248
78 1252
200 1258
685 1303
776 1327
624 1330
286 1334
594 1351
399 1387
258 1399
596 1410
866 1423
710 1428
431 1429
699 1429
466 1431
186 1434
810 1439
571 1448
430 1474
752 1481
230 1488
392 1503
940 1505
896 1515
446 1555
673 1568
98 1583
879 1604
681 1623
135 1657
142 1657
641 1663
14 1668
802 1672
20 1683
119 1719
438 1743
387 1759
727 1762
859 1766
454 1774
858 1788
696 1804
173 1810
567 1817
844 1831
463 1857
784 1864
644 1868
556 1903
756 1912
192 1920
791 1931
898 1941
840 1955
380 1960
824 1964
742 1992
656 2003
132 2006
417 2014
714 2021
494 2025
625 2032
901 2038
361 2053
562 2066
479 2097
31 2105
459 2111
770 2116
713 2124
252 2128
199 2131
525 2139
782 2145
723 2150
86 2179
245 2257
225 2264
376 2311
799 2316
256 2318
128 2391
772 2402
544 2434
271 2464
817 2504
23 2554
308 2575
657 2595
111 2619
546 2635
158 2636
947 2642
437 2663
176 2667
725 2690
520 2693
178 2744
580 2809
646 2811
730 2817
565 2819
700 2847
9 2921
795 2954
329 2996
56 3018
481 3021
682 3051
367 3098
215 3113
67 3124
210 3146
410 3168
942 3179
609 3199
68 3213
845 3267
474 3269
227 3304
295 3331
146 3374
601 3385
359 3388
202 3420
144 3452
261 3563
424 3574
138 3642
69 3654
783 3682
908 3743
719 3797
842 3867
88 3889
195 4024
827 4026
793 4157
313 4299
38 4302
483 4321
197 4454
674 4539
390 4556
403 4567
697 4631
702 4644
545 4675
549 4706
632 4708
726 4803
436 4812
193 4833
318 4879
471 4923
141 5010
136 5100
421 5143
423 5355
29 5440
25 5475
279 5502
462 5544
477 5545
672 5559
364 5575
478 5619
157 5668
921 5699
272 5735
306 5750
355 5756
916 5774
833 5785
613 5802
457 5866
411 5883
515 5925
920 5939
396 6103
333 6201
365 6240
126 6271
754 6336
62 6345
290 6378
738 6420
117 6567
775 6622
838 6711
177 6837
40 6848
570 6867
303 6931
208 6957
384 6996
15 7160
541 7231
760 7296
539 7586
432 7652
677 7669
393 7812
914 7832
485 7868
826 7897
394 8024
606 8086
293 8254
41 8460
762 8461
493 8546
414 8685
915 8818
137 8908
932 8966
663 8985
325 9111
339 9147
194 9189
883 9206
488 9217
116 9280
785 9284
905 9465
627 9592
692 9700
301 9758
857 9924
779 10215
429 10322
909 10331
3 10382
492 10496
805 10538
149 10560
451 10642
744 10844
518 10995
348 11406
899 11439
561 11445
649 11797
4 11898
607 12165
162 12267
154 12342
105 12502
300 12621
514 12736
246 12941
758 13116
189 13137
653 13348
614 13475
884 13666
708 13694
182 13821
645 13851
491 14296
345 14362
716 14523
170 14573
703 14847
512 14848
166 14907
402 15185
281 15232
291 15412
183 15540
486 15598
557 15636
924 16172
936 16241
938 16334
904 16458
683 16557
30 16590
213 16744
655 16884
880 17146
174 17482
353 17703
159 17792
232 17921
531 17962
678 18548
235 18704
664 18726
669 19057
943 19103
598 19221
373 19270
934 19363
660 19422
749 19511
418 19535
722 19630
401 19678
676 19960
487 21151
100 21264
495 21436
847 21518
563 21562
807 21721
837 21740
855 22533
91 23424
809 23650
933 23977
686 24011
675 24331
42 24689
439 24842
585 25013
582 25839
885 26072
203 26942
871 27034
274 28102
875 28320
555 28660
228 28845
349 28963
371 29039
419 29045
778 29343
434 29473
27 30389
289 30692
470 31430
736 31437
74 31628
603 31718
332 31966
693 31997
180 32576
442 32814
806 32907
907 33678
843 33825
513 34318
611 34506
553 34555
854 34773
816 35208
737 35531
536 35797
640 36188
315 36477
575 36632
426 36817
591 37373
222 37384
502 37830
168 38748
578 39086
530 39315
24 39681
152 41089
366 41259
616 42093
351 42390
895 42422
659 42632
456 43134
324 43387
61 44839
386 44845
407 45187
572 45343
310 45653
465 46390
185 47710
469 48577
628 48914
654 50138
334 50713
283 51605
910 51862
360 52002
832 52741
64 54604
83 55188
610 55970
395 56452
814 57495
120 59721
123 60605
639 60839
886 60922
39 61158
217 61575
732 62189
428 62842
167 63865
218 64359
906 64504
51 64881
357 65000
894 65952
249 66395
637 67691
12 70300
140 71271
650 71813
273 73648
801 75810
849 76934
521 77857
846 78228
391 79963
573 79975
16 81715
229 83203
918 84210
412 85880
831 86234
911 86340
344 87274
822 88518
238 91318
267 91457
839 91521
269 92027
897 92352
750 92507
323 93591
927 93767
804 95841
265 98048
304 98493
156 98638
836 98694
125 99385
264 99835
721 100490
532 101217
617 101652
715 104094
420 104107
815 105518
687 107829
475 110625
250 111810
248 111881
635 115214
748 115282
343 115747
7 120052
379 121060
405 121147
945 121412
145 122054
698 123280
400 124953
527 128342
179 128442
588 129266
590 129419
134 130544
97 131056
835 131343
863 132968
647 133065
107 139895
81 139902
322 145436
867 145730
781 147207
270 149181
506 160108
882 161477
768 163490
259 167530
709 168449
43 171814
57 181021
1 187777
242 189013
253 190895
112 191233
511 192175
787 194192
505 196091
789 200399
435 201612
509 202229
204 204215
99 204356
753 205838
665 209527
769 214299
397 214556
484 218104
342 223618
631 230412
171 231720
263 237077
939 238992
260 239082
670 244257
705 254800
433 256333
383 260561
707 261053
201 266412
529 266628
629 268806
504 269431
813 278349
872 284454
362 312880
441 330385
58 333128
285 355189
589 382818
888 389687
584 390675
626 397066
853 406890
314 407146
33 408855
114 414211
262 424689
690 430050
311 432577
358 434715
792 436394
422 443579
516 445021
519 455879
755 487691
372 498069
50 505464
354 510162
865 511987
109 531399
347 565591
190 571364
320 585115
912 613066
740 617288
868 618383
92 637013
165 645165
52 645911
163 649850
766 663689
638 766229
413 770094
946 775017
147 781657
219 792892
615 796374
84 814155
352 861761
337 864868
93 953193
739 956364
85 959901
118 964781
326 969731
500 984019
577 1012337
223 1032036
247 1071318
689 1097567
480 1099936
941 1102417
900 1120428
35 1135110
139 1208366
829 1235209
70 1242358
350 1251009
852 1262497
110 1292662
427 1318457
870 1360824
823 1424085
642 1534429
374 1589161
524 1633910
862 1956839
564 2166138
928 2208519
336 2314806
803 2442201
104 2652331
619 2781739
741 2889475
877 2970210
773 3039954
5 3137640
266 3196667
21 3444895
633 3459592
60 3807013
209 3825013
65 3856268
449 4053612
341 4242783
37 4250204
497 4615943
507 4629237
22 4669181
893 5290078
597 5445224
780 5462244
257 5742999
729 5760801
445 5831066
447 5890992
796 6562193
155 7449339
830 8145163
388 8164655
220 8202613
71 9079605
922 9722223
94 11438157
568 11549925
461 12262965
255 12305197
550 16660139
356 19502303
731 23803750
309 23903529
133 24935089
169 26949511
54 31743895
406 32650020
153 35048525
841 55802745
818 63544193
903 66671823
377 67539822
559 69662648
948 77270251
743 81202230
297 92067276
574 92130695
284 92635169
328 94377138
381 96342268
786 100632038
712 126228881
63 134533788
416 143503953
661 150658614
764 193639507
408 379306950
224 415034106
538 433677423
36 531134747
76 716658272
931 2659183263
211 3229946845
172 8670578573
346 35679258423
