28 -148
226 -53
869 -53
268 -53
482 -51
794 -47
338 -42
49 -42
161 -41
476 -39
181 -36
761 -36
919 -35
593 -33
498 -32
370 -31
694 -30
925 -29
735 -28
777 -28
602 -26
771 -26
299 -25
90 -24
523 -22
55 -21
375 -21
277 -20
608 -19
540 -18
595 -14
774 -9
330 -6
522 -5
728 -2
812 0
288 1
237 5
850 5
604 9
788 9
552 9
490 9
87 9
856 13
130 15
517 18
389 19
937 20
825 20
327 21
151 21
688 22
746 29
620 31
11 31
566 32
652 35
623 35
718 37
385 38
923 39
551 39
45 40
455 40
848 41
89 43
800 46
600 47
501 47
680 49
499 51
724 53
581 53
363 59
18 62
44 66
382 69
828 71
543 74
2 77
206 78
576 81
717 90
95 93
198 93
207 95
706 98
892 100
569 104
648 105
34 114
458 118
537 118
282 120
667 124
48 128
53 128
864 136
643 137
